mesh Box001
verts 12
-2.0000 1.0000 0.0000
0.0000 1.0000 0.0000
0.0000 -1.0000 0.0000
-2.0000 -1.0000 0.0000
0.0000 -1.0000 1.0000
0.0000 1.0000 1.0000
-2.0000 1.0000 1.0000
-2.0000 -1.0000 1.0000
2.0000 -1.0000 0.0000
2.0000 1.0000 0.0000
2.0000 1.0000 1.0000
2.0000 -1.0000 1.0000
coords 23
0.1136 0.7263 1.1180
0.1136 0.3632 1.1180
0.3695 0.3632 1.1180
0.3695 0.7263 1.1180
0.4767 0.3632 1.1180
0.7327 0.3632 1.1180
0.7327 0.7263 1.1180
0.4767 0.7263 1.1180
0.5414 0.7304 -0.2500
0.0032 0.7304 -0.2500
0.0032 0.9995 -0.2500
0.5414 0.9995 -0.2500
0.0064 0.3632 1.1180
0.0064 0.0000 1.1180
0.1136 0.0000 1.1180
0.0032 0.7304 0.2500
0.5414 0.7304 0.2500
0.5414 0.9995 0.2500
0.0032 0.9995 0.2500
0.3695 0.0000 1.1180
0.4767 0.0000 1.1180
0.7327 0.0000 1.1180
0.0064 0.7263 1.1180
normals 12
-0.5774 0.5774 -0.5774
0.0000 0.7071 -0.7071
0.0000 -0.7071 -0.7071
-0.5774 -0.5774 -0.5774
0.0000 -0.7071 0.7071
0.0000 0.7071 0.7071
-0.5774 0.5774 0.5774
-0.5774 -0.5774 0.5774
0.5774 -0.5774 -0.5774
0.5774 0.5774 -0.5774
0.5774 0.5774 0.5774
0.5774 -0.5774 0.5774
polys 10
1/1/1 2/2/2 3/3/3 4/4/4 
5/5/5 6/6/6 7/7/7 8/8/8 
3/3/3 5/5/5 8/8/8 4/4/4 
9/9/9 10/10/10 11/11/11 12/12/12 
2/2/2 6/13/6 11/14/11 10/15/10 
1/16/1 4/17/4 8/18/8 7/19/7 
10/15/10 9/20/9 3/3/3 2/2/2 
12/21/12 11/22/11 6/6/6 5/5/5 
9/20/9 12/21/12 5/5/5 3/3/3 
1/1/1 7/23/7 6/13/6 2/2/2 
